{
 "cells": [
  {
   "cell_type": "code",
   "execution_count": 1,
   "metadata": {},
   "outputs": [],
   "source": [
    "import matplotlib.pyplot as plt\n",
    "import numpy as np\n",
    "import random\n",
    "import pandas as pd\n",
    "import scipy.stats \n",
    "\n",
    "from collections import Counter"
   ]
  },
  {
   "cell_type": "markdown",
   "metadata": {},
   "source": [
    "**Goal of this notebook**: Run some simulations with the goal of understanding what characteristics make it hard to ensure correct class-balanced coverage"
   ]
  },
  {
   "cell_type": "markdown",
   "metadata": {},
   "source": [
    "## Setup"
   ]
  },
  {
   "cell_type": "markdown",
   "metadata": {},
   "source": [
    "### Data generation procedure: Mixture of Gaussians\n",
    "\n",
    "#### Phase I:\n",
    "1. Randomly select a class $Y_i$ with probability determined by `P_Y`\n",
    "2. Select the corresponding mean $\\mu$ given by `means`\n",
    "3. Sample $X_i \\sim N(\\mu, 1)$\n",
    "4. Repeat steps 1-3 `num_samples` number of times\n",
    "\n",
    "#### Phase II:\n",
    "1. Compute $P(Y = k |X_i) = \\frac{P(X_i | Y = k)P(Y_i = k)}{P(X_i)}$\n",
    "2. Define score = $P(Y = \\mathsf{truelabel} |X_i)$"
   ]
  },
  {
   "cell_type": "code",
   "execution_count": 2,
   "metadata": {},
   "outputs": [],
   "source": [
    "def generate_synthetic_data(num_samples, means, std_dev, P_Y):\n",
    "    '''\n",
    "    Inputs:\n",
    "        - num_samples: Number of samples to generate\n",
    "        - means: array of the means of each Gaussian in the mixture of Gaussians \n",
    "        - std_dev: Scalar representing standard deviation of each Gaussian (all Gaussians have the same SD)\n",
    "        - P_Y: array of same length as means. ith element is probability that true label is class i\n",
    "    Outputs:\n",
    "        - true_labels: num_samples length vector\n",
    "        - class_probs: num_samples x 5 array containing P(Y_i = k | X_i) for each class k\n",
    "    '''\n",
    "\n",
    "    # --- Phase I ---\n",
    "    # Generate mixture of Gaussians\n",
    "    means = np.array(means) \n",
    "    std_devs = std_dev * np.ones((len(means),))\n",
    "    P_Y = np.array(P_Y) \n",
    "\n",
    "    num_classes = len(means)\n",
    "\n",
    "    # Select true labels randomly according to P_Y\n",
    "    true_labels = np.random.choice(np.arange(num_classes), num_samples, p=P_Y)\n",
    "    # Simulate values from corresponding Gaussians\n",
    "    X = np.random.normal(loc=means[true_labels], scale=std_devs[true_labels], size=(num_samples,))\n",
    "    \n",
    "    # --- Phase II ---\n",
    "    # Compute vector P(Y|X_i) for each X_i\n",
    "    class_probs = np.zeros((num_samples, num_classes))\n",
    "    for k in range(num_classes):\n",
    "        P_X_given_Y = scipy.stats.norm(loc=means[k], scale=std_devs[k]).pdf(X)\n",
    "        class_probs[:,k] = P_X_given_Y * P_Y[k] # P(Y and X_i)\n",
    "\n",
    "    # Normalize each row to get P(Y and X_i) / P(X_i) = P(Y|X_i)\n",
    "    class_probs = class_probs / np.expand_dims(np.sum(class_probs, axis=1), axis=1)\n",
    "    \n",
    "    return true_labels, class_probs\n",
    "\n",
    "\n",
    "def compute_class_specific_quantiles(cal_true_labels, cal_class_probs, alpha=.05):\n",
    "    num_samples = len(cal_true_labels)\n",
    "    q_hats = np.zeros((cal_class_probs.shape[1],)) # q_hats[i] = quantile for class i\n",
    "    for k in range(cal_class_probs.shape[1]):\n",
    "        # Only select data for which k is true class\n",
    "        idx = (cal_true_labels == k)\n",
    "        scores = cal_class_probs[idx, k]\n",
    "        scores = np.sort(scores)\n",
    "        q_hats[k] = -np.quantile(-scores, np.ceil((num_samples+1)*(1-alpha))/num_samples)\n",
    "       \n",
    "    print('q_hats', q_hats)\n",
    "    return q_hats\n",
    "\n",
    "# Create class_balanced prediction sets\n",
    "def create_cb_prediction_sets(class_probs, q_hats):\n",
    "    '''\n",
    "    Inputs:\n",
    "        - class_probs: as ouput by generate_synthetic_data\n",
    "        - q_hats: as output by compute_class_specific_quantiles\n",
    "    '''\n",
    "    set_preds = []\n",
    "    num_samples = len(class_probs)\n",
    "    for i in range(num_samples):\n",
    "        set_preds.append(np.where(class_probs[i,:] >= q_hats)[0])\n",
    "        \n",
    "    return set_preds\n",
    "\n",
    "# Helper function for computing accuracy (marginal coverage) of confidence sets\n",
    "def compute_coverage(true_labels, set_preds):\n",
    "    num_correct = 0\n",
    "    for true_label, preds in zip(true_labels, set_preds):\n",
    "        if true_label in preds:\n",
    "            num_correct += 1\n",
    "    set_pred_acc = num_correct / len(true_labels)\n",
    "    \n",
    "    return set_pred_acc\n",
    "\n",
    "# Helper function for computing class-specific coverage of confidence sets\n",
    "def compute_class_specific_coverage(true_labels, set_preds):\n",
    "    num_classes = max(true_labels) + 1\n",
    "    class_specific_cov = np.zeros((num_classes,))\n",
    "    for k in range(num_classes):\n",
    "        idx = np.where(true_labels == k)[0]\n",
    "        selected_preds = [set_preds[i] for i in idx]\n",
    "        num_correct = np.sum([1 if np.any(pred_set == k) else 0 for pred_set in selected_preds])\n",
    "        class_specific_cov[k] = num_correct / len(selected_preds)\n",
    "        \n",
    "    return class_specific_cov"
   ]
  },
  {
   "cell_type": "markdown",
   "metadata": {},
   "source": [
    "# Experiment 1: What is the effect of increasing class similarity?\n",
    "We model class similarity by increasing the standard deviation of the Gaussians in our mixture (this increases overlap between distributions)\n",
    "[Note: another knob we could turn is the distance between the means of the Gaussian distribution]"
   ]
  },
  {
   "cell_type": "code",
   "execution_count": 3,
   "metadata": {},
   "outputs": [],
   "source": [
    "calibration_data_size = 1000 \n",
    "test_data_size = 10000\n",
    "num_trials = 5 # Number of synthetic datasets to generate for each parameter setting"
   ]
  },
  {
   "cell_type": "code",
   "execution_count": 4,
   "metadata": {},
   "outputs": [
    {
     "name": "stdout",
     "output_type": "stream",
     "text": [
      "std_dev: 0.1\n",
      "cal_class_probs [[1.00000000e+000 3.35477744e-030 4.18677130e-103 1.94377759e-219\n",
      "  0.00000000e+000 0.00000000e+000]\n",
      " [0.00000000e+000 0.00000000e+000 3.32658839e-205 1.29056803e-093\n",
      "  1.86257833e-025 1.00000000e+000]\n",
      " [0.00000000e+000 3.61535428e-195 6.33211458e-087 4.12570791e-022\n",
      "  1.00000000e+000 9.01681859e-023]]\n",
      "q_hats [1. 1. 1. 1. 1. 1.]\n",
      "Average set size 0.95\n",
      "cal_class_probs [[0.00000000e+000 7.53533730e-307 3.56450566e-165 6.27260196e-067\n",
      "  4.10627433e-012 1.00000000e+000]\n",
      " [0.00000000e+000 0.00000000e+000 1.00338167e-201 2.69417396e-091\n",
      "  2.69114384e-024 1.00000000e+000]\n",
      " [4.49125048e-028 1.00000000e+000 8.28294033e-017 2.55223626e-076\n",
      "  2.92556012e-179 0.00000000e+000]]\n",
      "q_hats [1. 1. 1. 1. 1. 1.]\n",
      "Average set size 0.93\n",
      "cal_class_probs [[2.91964979e-093 2.80149257e-025 1.00000000e+000 1.32789071e-019\n",
      "  6.55958671e-082 1.20543121e-187]\n",
      " [0.00000000e+000 0.00000000e+000 1.11207997e-195 2.88539674e-087\n",
      "  2.78501067e-022 1.00000000e+000]\n",
      " [8.93638528e-220 2.49395979e-103 2.58921920e-030 1.00000000e+000\n",
      "  1.43675591e-014 7.67923206e-072]]\n",
      "q_hats [1. 1. 1. 1. 1. 1.]\n",
      "Average set size 0.94\n",
      "cal_class_probs [[7.31812208e-200 4.70306835e-090 1.12438422e-023 1.00000000e+000\n",
      "  3.30854518e-021 4.07217045e-085]\n",
      " [1.00012289e-083 1.63964858e-020 1.00000000e+000 2.26882517e-024\n",
      "  1.91493427e-091 6.01254754e-202]\n",
      " [5.53850118e-024 1.00000000e+000 6.71675577e-021 1.67830514e-084\n",
      "  1.56003413e-191 0.00000000e+000]]\n",
      "q_hats [1. 1. 1. 1. 1. 1.]\n",
      "Average set size 0.95\n",
      "cal_class_probs [[0.00000000e+000 0.00000000e+000 1.47648592e-189 3.48552121e-083\n",
      "  3.06096216e-020 1.00000000e+000]\n",
      " [1.20557872e-193 6.56012186e-086 1.32794488e-021 1.00000000e+000\n",
      "  2.80137831e-023 2.91941162e-089]\n",
      " [7.45077889e-180 1.02545351e-076 5.25027537e-017 1.00000000e+000\n",
      "  7.08548736e-028 1.86763182e-098]]\n",
      "q_hats [1. 1. 1. 1. 1. 1.]\n",
      "Average set size 0.94\n",
      "\n",
      "std_dev: 0.5\n",
      "cal_class_probs [[4.88672926e-04 1.44100855e-01 7.78281861e-01 7.69891160e-02\n",
      "  1.39490242e-04 4.62892770e-09]\n",
      " [1.88306784e-02 6.12405765e-01 3.64783046e-01 3.97971610e-03\n",
      "  7.95227907e-07 2.91040350e-12]\n",
      " [9.70210640e-01 2.97726260e-02 1.67336363e-05 1.72260450e-10\n",
      "  3.24790191e-17 1.12161111e-25]]\n",
      "q_hats [0.19736559 0.15720183 0.1865344  0.12114959 0.09690529 0.26744707]\n",
      "Average set size 1.68\n",
      "cal_class_probs [[7.95304726e-01 2.03739236e-01 9.55955894e-04 8.21529399e-08\n",
      "  1.29309501e-13 3.72786208e-21]\n",
      " [1.59971217e-21 6.61644336e-14 5.01221188e-08 6.95434635e-04\n",
      "  1.76727968e-01 8.22576547e-01]\n",
      " [1.16765013e-03 2.16656070e-01 7.36293663e-01 4.58303672e-02\n",
      "  5.22489641e-05 1.09099838e-09]]\n",
      "q_hats [0.33292947 0.10074521 0.09031667 0.12515203 0.10899468 0.19626278]\n",
      "Average set size 1.73\n",
      "cal_class_probs [[5.71855303e-04 1.55395199e-01 7.73412373e-01 7.05028553e-02\n",
      "  1.17712984e-04 3.59968173e-09]\n",
      " [9.59484017e-03 5.01631740e-01 4.80346182e-01 8.42453137e-03\n",
      "  2.70619590e-06 1.59218961e-11]\n",
      " [6.49855564e-05 5.15294247e-02 7.48369049e-01 1.99066607e-01\n",
      "  9.69846681e-04 8.65425774e-08]]\n",
      "q_hats [0.20516608 0.12326559 0.08044466 0.17300767 0.10365715 0.25463283]\n",
      "Average set size 1.76\n",
      "cal_class_probs [[9.69462521e-08 1.04395392e-03 2.05898751e-01 7.43786280e-01\n",
      "  4.92112830e-02 5.96352830e-05]\n",
      " [1.13161456e-06 4.95164938e-03 3.96847196e-01 5.82530701e-01\n",
      "  1.56616096e-02 7.71216019e-06]\n",
      " [1.72415490e-07 1.51343897e-03 2.43318771e-01 7.16487122e-01\n",
      "  3.86423239e-02 3.81715817e-05]]\n",
      "q_hats [0.21923114 0.07995556 0.12690846 0.17871139 0.13470165 0.20610979]\n",
      "Average set size 1.70\n",
      "cal_class_probs [[9.92811752e-08 1.06017677e-03 2.07353672e-01 7.42792052e-01\n",
      "  4.87354342e-02 5.85658570e-05]\n",
      " [3.99968527e-03 3.65497934e-01 6.11738912e-01 1.87529398e-02\n",
      "  1.05291832e-05 1.08278462e-10]\n",
      " [6.94898101e-04 1.70448676e-01 7.65752131e-01 6.30093309e-02\n",
      "  9.49606313e-05 2.62122554e-09]]\n",
      "q_hats [0.21279446 0.10606918 0.07626918 0.09809779 0.11527461 0.26758999]\n",
      "Average set size 1.78\n",
      "\n",
      "std_dev: 1\n",
      "cal_class_probs [[2.84461165e-09 1.04507657e-06 1.41246845e-04 7.02287464e-03\n",
      "  1.28456651e-01 8.64378179e-01]\n",
      " [3.98178432e-02 2.06981981e-01 3.95815561e-01 2.78457364e-01\n",
      "  7.20659422e-02 6.86130853e-03]\n",
      " [2.08835736e-01 4.09482640e-01 2.95373609e-01 7.83814698e-02\n",
      "  7.65174758e-03 2.74797884e-04]]\n",
      "q_hats [0.1236715  0.09196104 0.08461721 0.06981319 0.06713264 0.07398502]\n",
      "Average set size 3.03\n",
      "cal_class_probs [[0.00147    0.02545013 0.16209496 0.37979967 0.32737475 0.1038105 ]\n",
      " [0.09027337 0.30877748 0.38854122 0.1798598  0.03062927 0.00191887]\n",
      " [0.12440691 0.3511383  0.36460062 0.13927146 0.01957097 0.00101174]]\n",
      "q_hats [0.10729537 0.07291013 0.04746257 0.10882584 0.10442289 0.10809443]\n",
      "Average set size 2.96\n",
      "cal_class_probs [[3.31636578e-01 4.27700159e-01 2.02918628e-01 3.54168506e-02\n",
      "  2.27406818e-03 5.37158608e-05]\n",
      " [5.27570340e-03 6.06914747e-02 2.56850566e-01 3.99888468e-01\n",
      "  2.29035474e-01 4.82583139e-02]\n",
      " [4.15636382e-01 4.12506561e-01 1.50609957e-01 2.02293545e-02\n",
      "  9.99576146e-04 1.81700140e-05]]\n",
      "q_hats [0.08952135 0.10946006 0.09768429 0.08461065 0.06631919 0.11895511]\n",
      "Average set size 2.94\n",
      "cal_class_probs [[5.14047444e-01 3.75007641e-01 1.00642762e-01 9.93643271e-03\n",
      "  3.60897574e-04 4.82217478e-06]\n",
      " [5.51841818e-03 6.25145965e-02 2.60527622e-01 3.99421682e-01\n",
      "  2.25276046e-01 4.67416362e-02]\n",
      " [8.49556330e-02 3.00708396e-01 3.91565522e-01 1.87572365e-01\n",
      "  3.30551233e-02 2.14296080e-03]]\n",
      "q_hats [0.09457957 0.11585284 0.10292071 0.04860075 0.13870265 0.11118028]\n",
      "Average set size 2.92\n",
      "cal_class_probs [[2.76873229e-04 7.69400767e-03 7.86556245e-02 2.95809740e-01\n",
      "  4.09261295e-01 2.08302459e-01]\n",
      " [5.94417167e-06 4.24123190e-04 1.11326412e-02 1.07500362e-01\n",
      "  3.81880213e-01 4.99056716e-01]\n",
      " [1.55221991e-05 8.86286584e-04 1.86166107e-02 1.43857523e-01\n",
      "  4.08949854e-01 4.27674203e-01]]\n",
      "q_hats [0.09896984 0.12076747 0.08503297 0.09142588 0.12503667 0.09590237]\n",
      "Average set size 2.88\n",
      "\n",
      "std_dev: 3\n",
      "cal_class_probs [[0.03862965 0.07339613 0.12478736 0.18985109 0.25846435 0.31487143]\n",
      " [0.16952482 0.19374203 0.19813422 0.18131768 0.14847929 0.10880195]\n",
      " [0.125878   0.16261391 0.18797954 0.19445027 0.17999132 0.14908696]]\n",
      "q_hats [0.06509033 0.08303666 0.11427502 0.10856053 0.06507245 0.08004563]\n",
      "Average set size 4.91\n",
      "cal_class_probs [[0.12582931 0.16257532 0.18796303 0.19446226 0.18002934 0.14914074]\n",
      " [0.50657258 0.27380034 0.13242541 0.05731308 0.02219633 0.00769226]\n",
      " [0.21294127 0.21873516 0.2010585  0.16537556 0.12172093 0.08016859]]\n",
      "q_hats [0.06941226 0.08065627 0.11083634 0.12621691 0.08233394 0.0745924 ]\n",
      "Average set size 4.89\n",
      "cal_class_probs [[0.50238921 0.27422163 0.13393934 0.05854094 0.02289582 0.00801305]\n",
      " [0.0867662  0.12826789 0.16967988 0.2008574  0.21276019 0.20166845]\n",
      " [0.1788814  0.19959336 0.19928382 0.17805044 0.14235054 0.10184043]]\n",
      "q_hats [0.06063852 0.07724416 0.1213649  0.110351   0.06723558 0.04965787]\n",
      "Average set size 5.02\n",
      "cal_class_probs [[0.11298758 0.15205866 0.18312038 0.19733642 0.19029303 0.16420394]\n",
      " [0.40807808 0.27493433 0.16575237 0.08942019 0.04316746 0.01864758]\n",
      " [0.05278129 0.09149883 0.14193716 0.19702518 0.24473294 0.2720246 ]]\n",
      "q_hats [0.06756787 0.07156877 0.1090286  0.11833196 0.08618294 0.05936103]\n",
      "Average set size 4.98\n",
      "cal_class_probs [[0.31763208 0.25921078 0.18928963 0.12369314 0.07232851 0.03784586]\n",
      " [0.50789822 0.27366002 0.13194443 0.05692668 0.02197787 0.00759278]\n",
      " [0.04397316 0.08048005 0.13180561 0.19316329 0.25331468 0.29726322]]\n",
      "q_hats [0.05151414 0.08967531 0.10814561 0.11077312 0.07742493 0.05566243]\n",
      "Average set size 5.04\n",
      "\n",
      "std_dev: 5\n",
      "cal_class_probs [[0.10741465 0.13357665 0.1595974  0.18321004 0.2020696  0.21413166]\n",
      " [0.2485103  0.21784952 0.1834835  0.14847922 0.11544165 0.08623581]\n",
      " [0.03817151 0.06508072 0.10660893 0.16778882 0.2537235  0.36862651]]\n",
      "q_hats [0.07803328 0.09977203 0.13957983 0.13012034 0.08862063 0.0857916 ]\n",
      "Average set size 5.35\n",
      "cal_class_probs [[0.10812735 0.13415434 0.15991977 0.18315879 0.20154945 0.2130903 ]\n",
      " [0.30510028 0.23831051 0.17884303 0.12895229 0.08933349 0.0594604 ]\n",
      " [0.1710954  0.17834914 0.17862077 0.17187832 0.15890533 0.14115103]]\n",
      "q_hats [0.07451372 0.10032078 0.14710752 0.14010359 0.10273582 0.07924831]\n",
      "Average set size 5.36\n",
      "cal_class_probs [[0.04098279 0.06851539 0.11005327 0.16984236 0.25183568 0.3587705 ]\n",
      " [0.11906679 0.14277875 0.16449956 0.18209337 0.19366527 0.19789626]\n",
      " [0.23287165 0.21100083 0.18368764 0.15363987 0.12346849 0.09533153]]\n",
      "q_hats [0.06977371 0.09911474 0.13874048 0.13287322 0.10605038 0.08535667]\n",
      "Average set size 5.34\n"
     ]
    },
    {
     "name": "stdout",
     "output_type": "stream",
     "text": [
      "cal_class_probs [[0.29625442 0.23554294 0.17993    0.13205817 0.09312262 0.06309186]\n",
      " [0.16864614 0.17685494 0.17819118 0.17249774 0.1604386  0.1433714 ]\n",
      " [0.13978311 0.15795303 0.1714863  0.1788789  0.17927388 0.17262479]]\n",
      "q_hats [0.07194504 0.08959294 0.13586256 0.13190349 0.11637473 0.08839142]\n",
      "Average set size 5.33\n",
      "cal_class_probs [[0.19114907 0.18998297 0.1814201  0.1664502  0.14672749 0.12427016]\n",
      " [0.2672654  0.22536549 0.18258299 0.14212204 0.1062896  0.07637449]\n",
      " [0.12847656 0.14985067 0.16792744 0.18080602 0.18703906 0.18590025]]\n",
      "q_hats [0.07308958 0.08930497 0.13074779 0.13863607 0.09226517 0.09300072]\n",
      "Average set size 5.42\n",
      "\n",
      "std_dev: 10\n",
      "cal_class_probs [[0.10613043 0.1269721  0.15039513 0.17636657 0.20476505 0.23537073]\n",
      " [0.12861355 0.14386936 0.15933344 0.17470391 0.18965111 0.20382863]\n",
      " [0.14225561 0.15332154 0.16360403 0.17283905 0.18077851 0.18720126]]\n",
      "q_hats [0.1163363  0.13220156 0.15014607 0.14901841 0.12708937 0.11537116]\n",
      "Average set size 5.59\n",
      "cal_class_probs [[0.2219959  0.19862223 0.1759413  0.15429959 0.13397348 0.1151675 ]\n",
      " [0.17973177 0.17657748 0.17175241 0.16539692 0.15769179 0.14884963]\n",
      " [0.20905051 0.1923054  0.17514139 0.15792219 0.14097905 0.12460144]]\n",
      "q_hats [0.10817114 0.13332044 0.14868219 0.14922795 0.13356191 0.11388747]\n",
      "Average set size 5.60\n",
      "cal_class_probs [[0.21263279 0.19409067 0.17540264 0.15693675 0.13901774 0.12191941]\n",
      " [0.20285088 0.1891472  0.17461438 0.15959422 0.14441468 0.12937864]\n",
      " [0.12413175 0.14063728 0.15775209 0.17518899 0.19261743 0.20967246]]\n",
      "q_hats [0.11167326 0.12808228 0.15023731 0.15195868 0.13216432 0.11071108]\n",
      "Average set size 5.61\n",
      "cal_class_probs [[0.21711479 0.19628399 0.1756861  0.15568508 0.13658834 0.11864169]\n",
      " [0.21201992 0.19378728 0.17536015 0.15710631 0.13935206 0.12237429]\n",
      " [0.20070255 0.1880323  0.17440907 0.1601632  0.14561746 0.13107541]]\n",
      "q_hats [0.11420626 0.13336717 0.14829118 0.15064201 0.13375082 0.11539101]\n",
      "Average set size 5.44\n",
      "cal_class_probs [[0.16913585 0.17037966 0.16992485 0.16778498 0.1640236  0.15875106]\n",
      " [0.13976175 0.15163568 0.16288142 0.17322028 0.18238242 0.19011845]\n",
      " [0.21349078 0.19451399 0.1754606  0.15669872 0.13855057 0.12128533]]\n",
      "q_hats [0.11447918 0.12707537 0.15462781 0.1493976  0.13369481 0.12490109]\n",
      "Average set size 5.44\n",
      "\n"
     ]
    }
   ],
   "source": [
    "# np.set_printoptions(suppress=True) # Suppress scientific notation when printing arrays\n",
    "# np.set_printoptions(suppress=False)\n",
    "\n",
    "# Specify standard deviations to use\n",
    "std_devs = [0.1, 0.5, 1, 3, 5, 10]\n",
    "# std_devs = [0.05, 0.06, 0.07, 0.08, 0.09, 0.1, 0.5, 1, 3, 5, 10]\n",
    "\n",
    "# Fixed settings (held constant throughout experiment)\n",
    "alpha = .05 # Specifies coverage level \n",
    "means = [1, 2, 3, 4, 5, 6] # Means of Gaussians in mixture\n",
    "num_classes = len(means)\n",
    "P_Y = np.ones((num_classes,)) / num_classes # Uniform class balance\n",
    "\n",
    "# Run experiment\n",
    "test_coverage = np.zeros((len(std_devs), num_trials, num_classes))\n",
    "for i, std_dev in enumerate(std_devs):\n",
    "    print('std_dev:', std_dev)\n",
    "    for j in range(num_trials):\n",
    "        # Generate datasets with desired level of class similarity\n",
    "        cal_true_labels, cal_class_probs = generate_synthetic_data(calibration_data_size, means, std_dev, P_Y)\n",
    "        test_true_labels, test_class_probs = generate_synthetic_data(calibration_data_size, means, std_dev, P_Y)\n",
    "        \n",
    "        print('cal_class_probs', cal_class_probs[:3,:])\n",
    "\n",
    "        # Compute class-specific score quantiles\n",
    "        q_hats = compute_class_specific_quantiles(cal_true_labels, cal_class_probs, alpha=.05)\n",
    "\n",
    "        # Create prediction sets for test set\n",
    "        set_preds = create_cb_prediction_sets(test_class_probs, q_hats)\n",
    "        avg_set_size = np.mean([len(x) for x in set_preds])\n",
    "        print(f'Average set size {avg_set_size:.2f}')\n",
    "\n",
    "        # [Could also compute marginal coverage here]\n",
    "        \n",
    "        # Compute class-specific coverage for test set\n",
    "        class_specific_cov = compute_class_specific_coverage(test_true_labels, set_preds)\n",
    "        test_coverage[i,j,:] = class_specific_cov\n",
    "    print()"
   ]
  },
  {
   "cell_type": "code",
   "execution_count": 5,
   "metadata": {},
   "outputs": [
    {
     "data": {
